% CISC271, Winter 2022: Homework for Week #9, data

    % Question 1: Y labels and Q quantifications
    y1 = [1  -1  -1   1  -1   1   1   1  -1  -1   1  -1]';
    q1 = [1  -1   1   1  -1   1  -1   1   1  -1   1  -1]';
    
    % Question 2: Y labels and Z scores
    y2 = [1  -1  -1   1  -1   1   1   1  -1  -1   1  -1]';
    z2 = linspace(-2.5, 3, 12);
    t2vals = [-0.75 ; -0.25 ; 1.25];
    
    % Question 3: confusion matrices
    cm3a = [98  2 ; 81 19];
    cm3b = [92  8 ; 56 44];
    cm3c = [78 22 ; 29 71];
    cm3d = [57 43 ; 11 89];
    cm3e = [34 66 ;  3 97];
    
    % Question 4: ROC vectors
    rv4a = [0.05;0.60];
    rv4b = [0.40;0.80];
    rv4c = [0.65;0.66];
    rv4d = [0.01;0.99];
    rv4e = [0.60;0.19];
